9.525736085085873128e+02
9.513572991628145701e+02
9.482619261507231840e+02
9.414822891430856089e+02
9.287649199559264162e+02
9.082884318702640485e+02
8.762464500808670209e+02
8.280661825152064921e+02
7.561980875435776852e+02
6.449308967892087594e+02
9.513572991628145701e+02
9.500994992876404694e+02
9.468841500733922203e+02
9.398013208828798497e+02
9.264206362132154027e+02
9.046987259728741719e+02
8.704518620945920020e+02
8.192540608647957470e+02
7.437522174787984568e+02
6.283190562656162683e+02
9.482619261507231840e+02
9.468841500733918792e+02
9.433693189471568985e+02
9.356292117312495975e+02
9.209985046003133675e+02
8.972489403188213828e+02
8.600391889854574856e+02
8.049537946818220462e+02
7.248186799469049220e+02
6.042779194245329109e+02
9.414822891430858363e+02
9.398013208828798497e+02
9.356292117312493701e+02
9.266207302365681926e+02
9.098517828931435361e+02
8.830031069078698920e+02
8.417259012370693654e+02
7.817491430607610710e+02
6.960479702497486869e+02
5.695952735226671848e+02
9.287649199559264162e+02
9.264206362132152890e+02
9.209985046003132538e+02
9.098517828931435361e+02
8.898595023737975680e+02
8.588440190799460652e+02
8.125272001847998808e+02
7.469296215451932994e+02
6.552235478715713271e+02
5.226599848265348101e+02
9.082884318702640485e+02
9.046987259728741719e+02
8.972489403188212691e+02
8.830031069078697783e+02
8.588440190799460652e+02
8.227890967270092233e+02
7.707090625646555964e+02
6.988777485636011306e+02
6.006837868477655320e+02
4.615906728648373019e+02
8.762464500808670209e+02
8.704518620945920020e+02
8.600391889854573719e+02
8.417259012370693654e+02
8.125272001847997672e+02
7.707090625646554827e+02
7.124000168307001104e+02
6.341083031220834982e+02
5.294612255190332917e+02
3.840761321960588930e+02
8.280661825152066058e+02
8.192540608647957470e+02
8.049537946818220462e+02
7.817491430607610710e+02
7.469296215451930721e+02
6.988777485636011306e+02
6.341083031220832709e+02
5.492362315043653780e+02
4.381336373412849525e+02
2.865039678696014107e+02
7.561980875435774578e+02
7.437522174787984568e+02
7.248186799469049220e+02
6.960479702497485732e+02
6.552235478715713271e+02
6.006837868477654183e+02
5.294612255190332917e+02
4.381336373412850094e+02
3.208274958912197121e+02
1.632570275450742656e+02
6.449308967892087594e+02
6.283190562656162683e+02
6.042779194245329109e+02
5.695952735226671848e+02
5.226599848265348101e+02
4.615906728648373019e+02
3.840761321960588930e+02
2.865039678696014107e+02
1.632570275450742656e+02
0.000000000000000000e+00
9.199769824383790819e+02
9.190059792247963060e+02
9.164192904370116821e+02
9.105091412248305005e+02
8.989992510581444094e+02
8.799219965981964151e+02
8.498787356154666668e+02
8.039174703860903719e+02
7.344616214877363518e+02
6.257737487362769571e+02
9.190059792247963060e+02
9.180096646650215462e+02
9.153435484973683742e+02
9.092166252511498215e+02
8.971965623983292062e+02
8.770923428651002496e+02
8.450465526387232558e+02
7.963206310091813975e+02
7.234894500445268477e+02
6.108014038699756156e+02
9.164192904370116821e+02
9.153435484973681469e+02
9.124640966952749750e+02
9.058356962689980492e+02
8.927977909279181858e+02
8.709382121772623577e+02
8.361756118086532297e+02
7.837591162219696344e+02
7.064770231107976315e+02
5.887911910964567141e+02
9.105091412248307279e+02
9.092166252511498215e+02
9.058356962689979355e+02
8.981799405295369070e+02
8.833085211038659281e+02
8.586497351907411257e+02
8.200643780882056717e+02
7.629317427727633003e+02
6.801776020574385484e+02
5.565798068107885683e+02
8.989992510581444094e+02
8.971965623983292062e+02
8.927977909279181858e+02
8.833085211038659281e+02
8.655307884700082468e+02
8.369053228871823649e+02
7.933624209733683301e+02
7.306182668020610436e+02
6.417796450090482949e+02
5.119554702139816413e+02
8.799219965981964151e+02
8.770923428651003633e+02
8.709382121772621304e+02
8.586497351907408984e+02
8.369053228871823649e+02
8.034230216301815517e+02
7.541822341441314848e+02
6.852210031344354775e+02
5.898355854854121390e+02
4.533932264046870841e+02
8.498787356154666668e+02
8.450465526387233695e+02
8.361756118086531160e+02
8.200643780882056717e+02
7.933624209733683301e+02
7.541822341441313711e+02
6.986177048384193995e+02
6.230615890087154867e+02
5.210315762412902814e+02
3.780997874027758598e+02
8.039174703860902582e+02
7.963206310091815112e+02
7.837591162219696344e+02
7.629317427727633003e+02
7.306182668020608162e+02
6.852210031344354775e+02
6.230615890087153730e+02
5.407657539236241746e+02
4.320771490419669476e+02
2.827005606259618276e+02
7.344616214877361244e+02
7.234894500445267340e+02
7.064770231107976315e+02
6.801776020574384347e+02
6.417796450090482949e+02
5.898355854854120253e+02
5.210315762412902814e+02
4.320771490419670045e+02
3.169554366023091916e+02
1.614215382853183769e+02
6.257737487362769571e+02
6.108014038699756156e+02
5.887911910964567141e+02
5.565798068107885683e+02
5.119554702139816413e+02
4.533932264046870841e+02
3.780997874027758598e+02
2.827005606259618276e+02
1.614215382853183769e+02
0.000000000000000000e+00
8.873183947199022441e+02
8.865546404509011609e+02
8.844191357074228108e+02
8.793156832869066193e+02
8.689649704528670782e+02
8.512397195663652383e+02
8.231232159613470003e+02
7.793419876686318730e+02
7.122845896427686512e+02
6.061853521709493862e+02
8.865546404509011609e+02
8.857762266356510281e+02
8.835904342702071972e+02
8.783377732104601137e+02
8.676071798333016432e+02
8.490578284417487112e+02
8.192054969845023606e+02
7.729450021389152425e+02
7.027869036703780239e+02
5.929019624964937520e+02
8.844191357074228108e+02
8.835904342702070835e+02
8.812583423297659238e+02
8.756351598907831431e+02
8.640973051961192368e+02
8.440621565618812383e+02
8.117404431303116326e+02
7.619892430680588404e+02
6.875654976097608824e+02
5.728094456657267983e+02
8.793156832869068467e+02
8.783377732104601137e+02
8.756351598907831431e+02
8.692021556773148632e+02
8.561268743499003904e+02
8.336086833698826695e+02
7.977307283538200409e+02
7.434788516486974004e+02
6.637287270467121516e+02
5.430844932690038149e+02
8.689649704528671919e+02
8.676071798333016432e+02
8.640973051961192368e+02
8.561268743499003904e+02
8.404790790836437964e+02
8.142718843972133982e+02
7.736137450555822852e+02
7.137716140610320963e+02
6.278823929902714553e+02
5.008703894768650571e+02
8.512397195663652383e+02
8.490578284417487112e+02
8.440621565618811246e+02
8.336086833698824421e+02
8.142718843972133982e+02
7.833563010128721089e+02
7.370373022838435872e+02
6.710223441400323736e+02
5.785485907177628633e+02
4.448478955773071561e+02
8.231232159613470003e+02
8.192054969845025880e+02
8.117404431303116326e+02
7.977307283538200409e+02
7.736137450555822852e+02
7.370373022838435872e+02
6.843133537466773078e+02
6.115769838546963229e+02
5.122670365800325953e+02
3.718761011812680977e+02
7.793419876686317593e+02
7.729450021389153562e+02
7.619892430680589541e+02
7.434788516486974004e+02
7.137716140610319826e+02
6.710223441400322599e+02
6.115769838546962092e+02
5.319476838000509815e+02
4.257750390316950302e+02
2.787366224106895629e+02
7.122845896427684238e+02
7.027869036703779102e+02
6.875654976097607687e+02
6.637287270467120379e+02
6.278823929902714553e+02
5.785485907177627496e+02
5.122670365800325953e+02
4.257750390316950870e+02
3.129330307682471926e+02
1.595139735745216285e+02
6.061853521709493862e+02
5.929019624964937520e+02
5.728094456657267983e+02
5.430844932690038149e+02
5.008703894768650571e+02
4.448478955773071561e+02
3.718761011812680977e+02
2.787366224106895629e+02
1.595139735745216285e+02
0.000000000000000000e+00
8.546081249757476144e+02
8.540172364321559826e+02
8.522779520866969278e+02
8.479183804800552480e+02
8.386809312391569620e+02
8.222689898615578841e+02
7.959876894538793977e+02
7.543458917102133228e+02
6.896775431315160176e+02
5.861624978950947025e+02
8.540172364321558689e+02
8.534183432347804228e+02
8.516487949916624984e+02
8.471908449680697686e+02
8.376806132620408789e+02
8.206280596338617670e+02
7.928815132597147795e+02
7.490877849858443369e+02
6.816112412836998828e+02
5.745806320166410615e+02
8.522779520866967005e+02
8.516487949916624984e+02
8.497831469074283177e+02
8.450611892779029404e+02
8.349295628913755536e+02
8.166477476481007898e+02
7.867281732347424850e+02
7.396434435523314050e+02
6.680919403429140857e+02
5.563348650076285367e+02
8.479183804800554753e+02
8.471908449680698823e+02
8.450611892779029404e+02
8.397200778737148994e+02
8.283315525454270301e+02
8.078896270494857390e+02
7.747267754610778638e+02
7.233698096526809422e+02
6.466618485323675714e+02
5.290853851122692504e+02
8.386809312391571893e+02
8.376806132620408789e+02
8.349295628913755536e+02
8.283315525454270301e+02
8.147127249542320442e+02
7.908958696613731263e+02
7.531778824852557364e+02
6.963714655520168435e+02
6.135082798022923498e+02
4.894018019614868535e+02
8.222689898615578841e+02
8.206280596338617670e+02
8.166477476481007898e+02
8.078896270494855116e+02
7.908958696613731263e+02
7.625689515334507860e+02
7.192550748608008462e+02
6.562606426166333904e+02
5.668044245675281445e+02
4.359386827477094357e+02
7.959876894538795113e+02
7.928815132597148931e+02
7.867281732347425987e+02
7.747267754610778638e+02
7.531778824852557364e+02
7.192550748608007325e+02
6.694714559811330901e+02
5.996385947561358307e+02
5.031553222715837137e+02
3.653952949350142489e+02
7.543458917102133228e+02
7.490877849858444506e+02
7.396434435523315187e+02
7.233698096526810559e+02
6.963714655520167298e+02
6.562606426166333904e+02
5.996385947561356033e+02
5.227673228655268076e+02
4.192170278816120117e+02
2.746049028801282361e+02
6.896775431315157903e+02
6.816112412836997692e+02
6.680919403429139720e+02
6.466618485323675714e+02
6.135082798022924635e+02
5.668044245675281445e+02
5.031553222715837137e+02
4.192170278816120685e+02
3.087545047553103359e+02
1.575315031751246693e+02
5.861624978950947025e+02
5.745806320166410615e+02
5.563348650076285367e+02
5.290853851122692504e+02
4.894018019614868535e+02
4.359386827477094357e+02
3.653952949350142489e+02
2.746049028801282361e+02
1.575315031751246693e+02
0.000000000000000000e+00
8.218553699200106166e+02
8.214065859884119618e+02
8.200112680322712322e+02
8.163321468321237262e+02
8.081628252282399671e+02
7.930362836893039002e+02
7.684972844338772120e+02
7.289549591123544587e+02
6.666607205013399380e+02
5.657165875212890569e+02
8.214065859884119618e+02
8.209537147961364099e+02
8.195412067066614554e+02
8.158003531413080509e+02
8.074429178141579087e+02
7.918360213493220954e+02
7.661033737922842874e+02
7.247263389825980084e+02
6.599437721639726533e+02
5.557915918059501337e+02
8.200112680322708911e+02
8.195412067066613417e+02
8.180685926207981993e+02
8.141472410659492880e+02
8.053275342316732122e+02
7.887301311297040911e+02
7.611186470220105775e+02
7.166984829976947822e+02
6.480719768761649675e+02
5.393775778476029927e+02
8.163321468321238399e+02
8.158003531413081646e+02
8.141472410659492880e+02
8.097685201241099548e+02
7.999503084661395178e+02
7.815146070403483236e+02
7.509983636819443973e+02
7.025688025401238974e+02
6.289519591727216721e+02
5.145526946640718506e+02
8.081628252282400808e+02
8.074429178141579087e+02
8.053275342316732122e+02
7.999503084661395178e+02
7.882448353329646125e+02
7.667744716899582045e+02
7.320153888838478906e+02
6.783069486978313307e+02
5.986030872565470418e+02
4.775492533058804270e+02
7.930362836893039002e+02
7.918360213493220954e+02
7.887301311297040911e+02
7.815146070403480962e+02
7.667744716899580908e+02
7.410408840970201254e+02
7.008159037858652027e+02
6.409151318991213202e+02
5.545662145106625758e+02
4.266485410124655573e+02
7.684972844338773257e+02
7.661033737922845148e+02
7.611186470220105775e+02
7.509983636819442836e+02
7.320153888838478906e+02
7.008159037858652027e+02
6.540766656022169627e+02
5.872302027181885933e+02
4.936838820011329858e+02
3.586473241689826637e+02
7.289549591123545724e+02
7.247263389825981221e+02
7.166984829976950095e+02
7.025688025401241248e+02
6.783069486978312170e+02
6.409151318991213202e+02
5.872302027181884796e+02
5.132093371299680484e+02
4.123923831131971838e+02
2.702977868275094124e+02
6.666607205013397106e+02
6.599437721639724259e+02
6.480719768761649675e+02
6.289519591727215584e+02
5.986030872565471554e+02
5.545662145106625758e+02
4.936838820011329858e+02
4.123923831131972406e+02
3.044138681715335792e+02
1.554711857126341954e+02
5.657165875212890569e+02
5.557915918059501337e+02
5.393775778476029927e+02
5.145526946640718506e+02
4.775492533058804270e+02
4.266485410124655573e+02
3.586473241689826637e+02
2.702977868275094124e+02
1.554711857126341954e+02
0.000000000000000000e+00
7.890682620340207905e+02
7.887343812402859839e+02
7.876337777646066343e+02
7.845707968965266446e+02
7.774226630113053034e+02
7.635669893596617612e+02
7.406763190259752037e+02
7.031963949612552369e+02
6.432578453710154918e+02
5.448634114159303863e+02
7.887343812402859839e+02
7.883985684939993916e+02
7.872888240042491361e+02
7.841892712766155000e+02
7.769173522067873137e+02
7.627144990750368834e+02
7.388978794234283214e+02
6.998826061655041713e+02
6.377948584474567042e+02
5.365334439777810758e+02
7.876337777646062932e+02
7.872888240042489088e+02
7.861435240555181281e+02
7.829262993805788255e+02
7.753236580112894671e+02
7.603473285905427019e+02
7.349379516728740782e+02
6.931740327888726370e+02
6.275259793177004894e+02
5.219566577971539800e+02
7.845707968965264172e+02
7.841892712766155000e+02
7.829262993805788255e+02
7.793841727822576786e+02
7.710135531223269254e+02
7.545119864822129330e+02
7.265441817231903769e+02
6.810507472877189912e+02
6.105942545462473845e+02
4.994605660782660834e+02
7.774226630113054171e+02
7.769173522067873137e+02
7.753236580112894671e+02
7.710135531223269254e+02
7.610900866068378718e+02
7.419171251236477929e+02
7.100493792428728739e+02
6.595075168236852505e+02
5.830579852999168224e+02
4.652671383898740487e+02
7.635669893596617612e+02
7.627144990750368834e+02
7.603473285905427019e+02
7.545119864822129330e+02
7.419171251236475655e+02
7.187642300405399283e+02
6.816609595044117214e+02
6.249657742789518124e+02
5.417918671680690750e+02
4.169592335258369076e+02
7.406763190259753173e+02
7.388978794234284351e+02
7.349379516728740782e+02
7.265441817231902633e+02
7.100493792428728739e+02
6.816609595044117214e+02
6.381136803362650198e+02
5.743362696098386095e+02
4.838274454286283799e+02
3.516218932483840831e+02
7.031963949612554643e+02
6.998826061655042849e+02
6.931740327888728643e+02
6.810507472877192185e+02
6.595075168236852505e+02
6.249657742789518124e+02
5.743362696098386095e+02
5.032577310230302032e+02
4.052898978363665492e+02
2.658072730681515168e+02
6.432578453710152644e+02
6.377948584474564768e+02
6.275259793177003758e+02
6.105942545462473845e+02
5.830579852999168224e+02
5.417918671680690750e+02
4.838274454286283799e+02
4.052898978363666060e+02
2.999049061173011523e+02
1.533299643115306026e+02
5.448634114159303863e+02
5.365334439777810758e+02
5.219566577971539800e+02
4.994605660782660834e+02
4.652671383898740487e+02
4.169592335258369076e+02
3.516218932483840831e+02
2.658072730681515168e+02
1.533299643115306026e+02
0.000000000000000000e+00
7.562538954892988841e+02
7.560111892916373790e+02
7.551593963411189634e+02
7.526476706144621858e+02
7.464685416127543931e+02
7.338841553483407552e+02
7.125525289418162629e+02
6.770984546479074879e+02
6.194983563720463735e+02
5.236277559946911424e+02
7.560111892916373790e+02
7.557676493770964044e+02
7.549113493376959241e+02
7.523793571921000876e+02
7.461232421618408353e+02
7.332977662051309835e+02
7.112765882448688899e+02
6.745798448508801357e+02
6.151708968481655120e+02
5.167957425384377075e+02
7.551593963411188497e+02
7.549113493376958104e+02
7.540353024898489593e+02
7.514306868575710041e+02
7.449486223969628327e+02
7.315397040165601084e+02
7.082147001143287071e+02
6.690926139791324658e+02
6.064790485340452051e+02
5.040970951526818453e+02
7.526476706144619584e+02
7.523793571920999739e+02
7.514306868575710041e+02
7.486054180476187412e+02
7.415540098382246015e+02
7.269156236985230635e+02
7.013814176287291957e+02
6.588205580390736031e+02
5.915885144630479999e+02
4.838042706093758625e+02
7.464685416127543931e+02
7.461232421618409489e+02
7.449486223969629464e+02
7.415540098382246015e+02
7.332645986736082477e+02
7.163351216141809346e+02
6.872716316757276900e+02
6.399387861551730339e+02
5.668490952026929790e+02
4.524446087065850861e+02
7.338841553483407552e+02
7.332977662051309835e+02
7.315397040165601084e+02
7.269156236985231772e+02
7.163351216141809346e+02
6.957519590585884544e+02
6.617163128766967475e+02
6.083276108515168517e+02
5.284567990615513509e+02
4.068511646226394873e+02
7.125525289418163766e+02
7.112765882448691173e+02
7.082147001143287071e+02
7.013814176287290820e+02
6.872716316757276900e+02
6.617163128766967475e+02
6.214488865919250884e+02
5.609433821348420679e+02
4.735439319742578732e+02
3.443084747391269502e+02
6.770984546479077153e+02
6.745798448508803631e+02
6.690926139791325795e+02
6.588205580390738305e+02
6.399387861551730339e+02
6.083276108515168517e+02
5.609433821348421816e+02
4.928965208318251712e+02
3.978935025110544075e+02
2.611249519207987646e+02
6.194983563720463735e+02
6.151708968481652846e+02
6.064790485340450914e+02
5.915885144630479999e+02
5.668490952026929790e+02
5.284567990615512372e+02
4.735439319742578164e+02
3.978935025110544643e+02
2.952211711899675493e+02
1.511046620598077084e+02
5.236277559946911424e+02
5.167957425384377075e+02
5.040970951526818453e+02
4.838042706093758625e+02
4.524446087065850861e+02
4.068511646226394873e+02
3.443084747391269502e+02
2.611249519207987646e+02
1.511046620598077084e+02
0.000000000000000000e+00
7.234183581019091207e+02
7.232464640101455871e+02
7.226011887121926520e+02
7.205764276239254968e+02
7.153045038259565445e+02
7.040082580763580609e+02
6.841517019726671833e+02
6.506907624164432491e+02
5.954165556917405411e+02
5.020428160549632253e+02
7.232464640101455871e+02
7.230742473216214421e+02
7.224269398354408622e+02
7.203917487305773193e+02
7.150753179796755603e+02
7.036185315703596643e+02
6.832726518766439767e+02
6.488402221430292229e+02
5.920861946220945811e+02
4.965787514355776580e+02
7.226011887121926520e+02
7.224269398354406349e+02
7.217694419240642674e+02
7.196920962613835400e+02
7.142299206348315010e+02
7.023492760367803385e+02
6.809785015943333519e+02
6.444835824484357545e+02
5.849146269493237469e+02
4.857572091118132676e+02
7.205764276239253832e+02
7.203917487305772056e+02
7.196920962613835400e+02
7.174723617825090969e+02
7.116060191791043508e+02
6.987656958660405735e+02
6.755337329526425947e+02
6.358887716479464416e+02
5.719400421859876360e+02
4.675841136836053238e+02
7.153045038259565445e+02
7.150753179796755603e+02
7.142299206348315010e+02
7.116060191791042371e+02
7.047860568110754684e+02
6.900409105657021200e+02
6.636748573488346210e+02
6.195811919759125885e+02
5.499531267959035858e+02
4.390566834346666383e+02
7.040082580763580609e+02
7.036185315703596643e+02
7.023492760367803385e+02
6.987656958660406872e+02
6.900409105657021200e+02
6.720226427515789283e+02
6.409771747807581050e+02
5.909677725588444446e+02
5.145349070175034285e+02
3.963031768274278193e+02
6.841517019726672970e+02
6.832726518766442041e+02
6.809785015943334656e+02
6.755337329526425947e+02
6.636748573488346210e+02
6.409771747807581050e+02
6.039567273787206432e+02
5.469014513955364691e+02
4.628166535757350175e+02
3.366963340784078582e+02
6.506907624164433628e+02
6.488402221430294503e+02
6.444835824484357545e+02
6.358887716479466690e+02
6.195811919759125885e+02
5.909677725588445583e+02
5.469014513955365828e+02
4.821151860965527476e+02
3.901531323110990570e+02
2.562419811813080059e+02
5.954165556917406548e+02
5.920861946220944674e+02
5.849146269493236332e+02
5.719400421859876360e+02
5.499531267959035858e+02
5.145349070175034285e+02
4.628166535757349607e+02
3.901531323110991138e+02
2.903559752373144534e+02
1.487919772954153927e+02
5.020428160549632253e+02
4.965787514355776580e+02
4.857572091118132676e+02
4.675841136836053238e+02
4.390566834346666383e+02
3.963031768274278193e+02
3.366963340784078582e+02
2.562419811813080059e+02
1.487919772954153927e+02
0.000000000000000000e+00
6.905667730358590006e+02
6.904485551221549713e+02
6.899713749747678548e+02
6.883705303443204002e+02
6.839387773810635736e+02
6.739105487805104531e+02
6.554968261593360239e+02
6.240023441206781172e+02
5.710482806928930586e+02
4.801465261042674229e+02
6.904485551221549713e+02
6.903302279337798382e+02
6.898522249932919976e+02
6.882464623117957672e+02
6.837907883815626064e+02
6.736655416931305354e+02
6.549194071073766281e+02
6.226933562494491525e+02
5.685699466326145739e+02
4.759018424274013341e+02
6.899713749747677412e+02
6.898522249932918839e+02
6.893694041627105662e+02
6.877408535683597393e+02
6.831966440306043751e+02
6.727848333064911230e+02
6.532634998983162404e+02
6.193437617970437259e+02
5.628015745165033650e+02
4.668815370045857662e+02
6.883705303443202865e+02
6.882464623117955398e+02
6.877408535683596256e+02
6.860257078830662749e+02
6.812082847412124238e+02
6.700801034705892789e+02
6.490324453386995174e+02
6.122731386267423659e+02
5.516612815394136078e+02
4.508068109213944581e+02
6.839387773810634599e+02
6.837907883815626064e+02
6.831966440306043751e+02
6.812082847412124238e+02
6.756847808469306074e+02
6.630225518402072566e+02
6.392524589070580987e+02
5.984132334318853736e+02
5.323454111733157106e+02
4.250778802941690628e+02
6.739105487805105668e+02
6.736655416931305354e+02
6.727848333064911230e+02
6.700801034705893926e+02
6.630225518402072566e+02
6.475343289164620728e+02
6.194426922140347642e+02
5.728773570491404143e+02
5.000090755726899374e+02
3.852923066472881715e+02
6.554968261593361376e+02
6.549194071073768555e+02
6.532634998983162404e+02
6.490324453386996311e+02
6.392524589070580987e+02
6.194426922140347642e+02
5.856115707183683980e+02
5.321134121047923600e+02
4.515657639444471556e+02
3.287745604296214879e+02
6.240023441206781172e+02
6.226933562494493799e+02
6.193437617970438396e+02
6.122731386267425933e+02
5.984132334318853736e+02
5.728773570491405280e+02
5.321134121047923600e+02
4.707689145339036259e+02
3.820547515144959902e+02
2.511490604766955812e+02
5.710482806928930586e+02
5.685699466326145739e+02
5.628015745165032513e+02
5.516612815394134941e+02
5.323454111733157106e+02
5.000090755726899374e+02
4.515657639444470988e+02
3.820547515144960471e+02
2.852289965179526803e+02
1.463884787076117391e+02
4.801465261042674229e+02
4.759018424274013341e+02
4.668815370045857662e+02
4.508068109213944581e+02
4.250778802941690628e+02
3.852923066472881715e+02
3.287745604296214879e+02
2.511490604766955812e+02
1.463884787076117391e+02
0.000000000000000000e+00
6.577033546247405411e+02
6.576247168117088222e+02
6.572813357321848571e+02
6.560431861580137820e+02
6.523808435933976853e+02
6.435832574096837106e+02
6.266076322328488004e+02
5.970595749139552026e+02
5.464301082255130950e+02
4.579811514830643091e+02
6.576247168117088222e+02
6.575460477047765835e+02
6.572023745017447709e+02
6.559621374778264453e+02
6.522880000811416039e+02
6.434359623363553737e+02
6.262487955062135825e+02
5.961742615439792417e+02
5.446548969275096397e+02
4.547903194444904784e+02
6.572813357321848571e+02
6.572023745017446572e+02
6.568566545405863053e+02
6.556051018931785848e+02
6.518807075487342217e+02
6.428465558147463526e+02
6.251067650307695658e+02
5.936850076694066729e+02
5.401589415068508515e+02
4.474721498157174437e+02
6.560431861580136683e+02
6.559621374778263316e+02
6.556051018931784711e+02
6.543044300590511284e+02
6.504055673511876421e+02
6.408610838312113174e+02
6.219135591424993663e+02
5.879988132077971841e+02
5.307745938244188437e+02
4.334876822080760235e+02
6.523808435933975716e+02
6.522880000811416039e+02
6.518807075487343354e+02
6.504055673511876421e+02
6.460075347405970660e+02
6.352718071652336675e+02
6.140189367821931228e+02
5.764185868890048141e+02
5.139965793959859184e+02
4.104803006260644338e+02
6.435832574096837106e+02
6.434359623363554874e+02
6.428465558147463526e+02
6.408610838312113174e+02
6.352718071652336675e+02
6.221657218374358536e+02
5.970184846275994914e+02
5.540160204292097887e+02
4.848748283713467799e+02
3.738027927048415222e+02
6.266076322328489141e+02
6.262487955062136962e+02
6.251067650307696795e+02
6.219135591424994800e+02
6.140189367821931228e+02
5.970184846275994914e+02
5.663896460709960365e+02
5.165477312670287802e+02
4.396994925232816627e+02
3.204793283048474564e+02
5.970595749139552026e+02
5.961742615439793553e+02
5.936850076694067866e+02
5.879988132077974115e+02
5.764185868890048141e+02
5.540160204292099024e+02
5.165477312670287802e+02
4.587819030373372016e+02
3.735286375400968950e+02
2.458384726961292017e+02
5.464301082255132087e+02
5.446548969275096397e+02
5.401589415068507378e+02
5.307745938244187300e+02
5.139965793959859184e+02
4.848748283713467799e+02
4.396994925232816058e+02
3.735286375400969519e+02
2.798119167650928603e+02
1.438661678759482072e+02
4.579811514830643091e+02
4.547903194444904784e+02
4.474721498157174437e+02
4.334876822080760235e+02
4.104803006260644338e+02
3.738027927048415222e+02
3.204793283048474564e+02
2.458384726961292017e+02
1.438661678759482072e+02
0.000000000000000000e+00
6.248314801250643313e+02
6.247811261856518286e+02
6.245415720013024838e+02
6.236075464413165719e+02
6.206398369721125619e+02
6.130305640951921760e+02
5.974999148388648109e+02
5.698877559001418831e+02
5.215651766135960088e+02
4.355910048120883857e+02
6.247811261856518286e+02
6.247307650339811289e+02
6.244911230892432741e+02
6.235563171295709708e+02
6.205833619557354268e+02
6.129461392041120007e+02
5.972907032618396670e+02
5.693196600350156587e+02
5.203493572464694807e+02
4.332804770749403360e+02
6.245415720013023702e+02
6.244911230892432741e+02
6.242507189183739911e+02
6.233108542377597132e+02
6.203115465660598602e+02
6.125659253919476441e+02
5.965447006416810609e+02
5.675450540328339457e+02
5.169755034563088429e+02
4.275222979777050227e+02
6.236075464413164582e+02
6.235563171295709708e+02
6.233108542377595995e+02
6.223453685138921401e+02
6.192418433514732214e+02
6.111520873812494301e+02
5.942166777731217735e+02
5.630945165411837934e+02
5.093108219576546389e+02
4.156545230633545884e+02
6.206398369721124482e+02
6.205833619557354268e+02
6.203115465660598602e+02
6.192418433514732214e+02
6.158040686195581657e+02
6.068284385514853057e+02
5.879990903549022505e+02
5.536044325804339223e+02
4.948926331385632693e+02
3.952290758219480722e+02
6.130305640951921760e+02
6.129461392041120007e+02
6.125659253919477578e+02
6.111520873812494301e+02
6.068284385514854193e+02
5.959321997197569090e+02
5.736779250750239498e+02
5.342647993855000550e+02
4.690400032227783527e+02
3.618347758980256685e+02
5.974999148388648109e+02
5.972907032618396670e+02
5.965447006416811746e+02
5.942166777731218872e+02
5.879990903549022505e+02
5.736779250750239498e+02
5.462695931490516159e+02
5.001729975090501625e+02
4.271894322854363395e+02
3.117046530178118360e+02
5.698877559001418831e+02
5.693196600350156587e+02
5.675450540328340594e+02
5.630945165411840208e+02
5.536044325804339223e+02
5.342647993855001687e+02
5.001729975090501625e+02
4.461197788231363575e+02
3.645130722618434902e+02
2.402634141103292507e+02
5.215651766135961225e+02
5.203493572464695944e+02
5.169755034563088429e+02
5.093108219576545821e+02
4.948926331385633262e+02
4.690400032227784095e+02
4.271894322854363395e+02
3.645130722618435470e+02
2.740886730289265074e+02
1.411979769707859020e+02
4.355910048120883857e+02
4.332804770749403360e+02
4.275222979777050227e+02
4.156545230633545884e+02
3.952290758219480722e+02
3.618347758980256685e+02
3.117046530178118360e+02
2.402634141103292507e+02
1.411979769707859020e+02
0.000000000000000000e+00
5.919537764261388020e+02
5.919229199569509774e+02
5.917616346826285962e+02
5.910767838874771769e+02
5.887253035128463807e+02
5.822535819129087713e+02
5.681849860031647950e+02
5.425086204459513510e+02
4.964811422619476957e+02
4.130198875979000377e+02
5.919229199569509774e+02
5.918920622530588389e+02
5.917307557503465887e+02
5.910456580563613898e+02
5.886921002457613668e+02
5.822075037591706632e+02
5.680726726142916050e+02
5.421652648717388274e+02
4.956898013130193021e+02
4.114181185688846654e+02
5.917616346826284826e+02
5.917307557503465887e+02
5.915692086180382603e+02
5.908821256615358379e+02
5.885160934541149800e+02
5.819711369725179111e+02
5.676121127989337083e+02
5.409638425213663595e+02
4.932568078645010701e+02
4.070405447186163883e+02
5.910767838874770632e+02
5.910456580563612761e+02
5.908821256615357242e+02
5.901829864066962728e+02
5.877595266245773473e+02
5.809966859010563667e+02
5.659829741733428818e+02
5.376007951725634939e+02
4.872150094490497167e+02
3.972559252027294860e+02
5.887253035128463807e+02
5.886921002457613668e+02
5.885160934541149800e+02
5.877595266245773473e+02
5.851260906814673035e+02
5.777376048554100407e+02
5.612248753272926933e+02
5.299859754807471290e+02
4.750268726640172758e+02
3.793127705857942829e+02
5.822535819129086576e+02
5.822075037591706632e+02
5.819711369725179111e+02
5.809966859010563667e+02
5.777376048554102681e+02
5.688560219005197496e+02
5.494202569254490527e+02
5.136024240891266572e+02
4.524089593270946921e+02
3.492591172497692469e+02
5.681849860031646813e+02
5.680726726142914913e+02
5.676121127989338220e+02
5.659829741733429955e+02
5.612248753272928070e+02
5.494202569254490527e+02
5.252330861189597044e+02
4.829582309043732380e+02
4.140068872249404421e+02
3.024256594154479103e+02
5.425086204459513510e+02
5.421652648717388274e+02
5.409638425213663595e+02
5.376007951725636076e+02
5.299859754807471290e+02
5.136024240891267709e+02
4.829582309043732948e+02
4.327466696877020809e+02
3.549802824540208235e+02
2.343500442804513000e+02
4.964811422619477526e+02
4.956898013130193590e+02
4.932568078645010701e+02
4.872150094490497167e+02
4.750268726640172758e+02
4.524089593270947489e+02
4.140068872249404421e+02
3.549802824540208235e+02
2.680423530129389746e+02
1.383754688892995546e+02
4.130198875979000377e+02
4.114181185688846654e+02
4.070405447186163883e+02
3.972559252027294860e+02
3.793127705857942829e+02
3.492591172497692469e+02
3.024256594154479103e+02
2.343500442804513000e+02
1.383754688892995546e+02
0.000000000000000000e+00
5.590722182064298522e+02
5.590542543149339281e+02
5.589500445271061153e+02
5.584640270725273012e+02
5.566479593349205288e+02
5.512508976988174254e+02
5.386702486078950187e+02
5.149392874685966035e+02
4.712032004305835926e+02
3.903092841444224064e+02
5.590542543149339281e+02
5.590362902887413838e+02
5.589320766869179806e+02
5.584459964169360546e+02
5.566292327087104468e+02
5.512267262950083477e+02
5.386159781281766072e+02
5.147461510074574562e+02
4.707181968760338009e+02
3.892538033952896512e+02
5.589500445271060016e+02
5.589320766869179806e+02
5.588278017773859574e+02
5.583410604049364565e+02
5.565191080992547086e+02
5.510861068390427135e+02
5.383424716990502930e+02
5.139771918366712953e+02
4.690455405514539962e+02
3.860588221028939415e+02
5.584640270725271876e+02
5.584459964169359409e+02
5.583410604049364565e+02
5.578493273400328007e+02
5.559987536910725794e+02
5.504378641766074907e+02
5.372525467017439951e+02
5.115696163211630960e+02
4.644465791617342347e+02
3.782322982473471029e+02
5.566479593349205288e+02
5.566292327087104468e+02
5.565191080992545949e+02
5.559987536910725794e+02
5.540261237942205526e+02
5.480491040408278423e+02
5.337350321999869038e+02
5.055908477933271001e+02
4.543629729549068088e+02
3.627370271692564074e+02
5.512508976988174254e+02
5.512267262950084614e+02
5.510861068390425999e+02
5.504378641766074907e+02
5.480491040408279559e+02
5.409670100904502306e+02
5.242500073082358085e+02
4.920135370613947430e+02
4.349233792666987597e+02
3.359956798358010701e+02
5.386702486078947913e+02
5.386159781281764936e+02
5.383424716990502930e+02
5.372525467017442224e+02
5.337350321999870175e+02
5.242500073082358085e+02
5.032655382330301563e+02
4.648732521998507536e+02
4.001230966327150327e+02
2.926168805303207137e+02
5.149392874685966035e+02
5.147461510074574562e+02
5.139771918366714090e+02
5.115696163211630960e+02
5.055908477933271001e+02
4.920135370613947430e+02
4.648732521998508105e+02
4.186252076054370264e+02
3.449009796352795547e+02
2.280768457773698685e+02
4.712032004305836494e+02
4.707181968760338577e+02
4.690455405514539962e+02
4.644465791617342347e+02
4.543629729549068088e+02
4.349233792666988165e+02
4.001230966327150327e+02
3.449009796352795547e+02
2.616551548244240166e+02
1.353897185613742238e+02
3.903092841444224064e+02
3.892538033952896512e+02
3.860588221028939415e+02
3.782322982473471029e+02
3.627370271692564074e+02
3.359956798358010701e+02
2.926168805303207137e+02
2.280768457773698685e+02
1.353897185613742238e+02
0.000000000000000000e+00
5.261882322784070993e+02
5.261783885709257902e+02
5.261142241853492578e+02
5.257821729995997657e+02
5.244201627915274457e+02
5.200208816151284736e+02
5.089488127940936693e+02
4.871343139735870409e+02
4.457509921074704948e+02
3.674963988431264852e+02
5.261783885709257902e+02
5.261685448572496853e+02
5.261043800356663951e+02
5.257723169916184816e+02
5.244101200210121760e+02
5.200088864532518755e+02
5.089231224575773354e+02
4.870351767833215035e+02
4.454742608389343559e+02
3.668414979289119628e+02
5.261142241853492578e+02
5.261043800356662814e+02
5.260402036030156978e+02
5.257079627228762320e+02
5.243439382263475181e+02
5.199291324259762632e+02
5.087711794746774103e+02
4.865773017403159884e+02
4.443881141800650312e+02
3.646177535926641440e+02
5.257821729995996520e+02
5.257723169916182542e+02
5.257079627228762320e+02
5.253739608436012531e+02
5.239973693445579102e+02
5.195144027223312833e+02
5.080778945842832854e+02
4.849504225208985986e+02
4.410372625928449679e+02
3.585902263970039030e+02
5.244201627915274457e+02
5.244101200210122897e+02
5.243439382263475181e+02
5.239973693445579102e+02
5.225564077394952847e+02
5.178161227544792382e+02
5.055749983361273507e+02
4.804559814773002131e+02
4.329187044317275763e+02
3.455170522912864612e+02
5.200208816151284736e+02
5.200088864532518755e+02
5.199291324259761495e+02
5.195144027223312833e+02
5.178161227544792382e+02
5.123034313278080845e+02
4.981771953814314884e+02
4.694900037396238304e+02
4.165182466084642101e+02
3.220116288097124198e+02
5.089488127940935556e+02
5.089231224575773354e+02
5.087711794746774672e+02
5.080778945842833991e+02
5.055749983361274076e+02
4.981771953814315452e+02
4.803554157301499572e+02
4.458937962579531131e+02
3.854668065288459502e+02
2.822524148785124112e+02
4.871343139735870409e+02
4.870351767833215035e+02
4.865773017403160452e+02
4.849504225208985986e+02
4.804559814773002131e+02
4.694900037396238304e+02
4.458937962579531700e+02
4.037165492500157029e+02
3.342442891797977609e+02
2.214208169107301387e+02
4.457509921074705517e+02
4.454742608389344127e+02
4.443881141800650312e+02
4.410372625928450248e+02
4.329187044317275763e+02
4.165182466084642670e+02
3.854668065288460070e+02
3.342442891797977609e+02
2.549083453854107688e+02
1.322312847275863419e+02
3.674963988431264852e+02
3.668414979289119628e+02
3.646177535926641440e+02
3.585902263970039030e+02
3.455170522912864612e+02
3.220116288097124198e+02
2.822524148785124112e+02
2.214208169107301387e+02
1.322312847275863419e+02
0.000000000000000000e+00
4.933028028680204216e+02
4.932977873115777356e+02
4.932604734146337364e+02
4.930435408359888925e+02
4.920565136475070744e+02
4.885610416861479166e+02
4.790200145310283233e+02
4.590830141663918766e+02
4.201381588320496689e+02
3.446127821362598525e+02
4.932977873115777356e+02
4.932927717551302180e+02
4.932554578374777066e+02
4.930385238337591431e+02
4.920514595679263721e+02
4.885554316604901146e+02
4.790090299255310242e+02
4.590373926702299059e+02
4.199935342039203761e+02
3.442348959159663764e+02
4.932604734146337933e+02
4.932554578374776497e+02
4.932181425253072007e+02
4.930011729548186281e+02
4.920135891481810404e+02
4.885124822850287956e+02
4.789309681505660024e+02
4.587865886879187656e+02
4.193341645736954320e+02
3.427721006651089510e+02
4.930435408359888925e+02
4.930385238337590295e+02
4.930011729548186281e+02
4.927837000684710915e+02
4.917914062545939942e+02
4.882584373576255530e+02
4.785150593647331334e+02
4.577533137833464139e+02
4.170219528526196768e+02
3.383291005635491615e+02
4.920565136475070176e+02
4.920514595679264289e+02
4.920135891481810404e+02
4.917914062545939942e+02
4.907689943999569664e+02
4.870913413625030444e+02
4.768098605485553207e+02
4.545253523348073372e+02
4.107226818698410398e+02
3.276804088821313599e+02
4.885610416861479166e+02
4.885554316604901146e+02
4.885124822850287387e+02
4.882584373576254961e+02
4.870913413625030444e+02
4.829089463405884430e+02
4.712274410923826622e+02
4.459627616079504833e+02
3.971625788361546370e+02
3.072724628263424620e+02
4.790200145310282664e+02
4.790090299255310242e+02
4.789309681505660592e+02
4.785150593647331903e+02
4.768098605485553207e+02
4.712274410923827190e+02
4.564960153727793681e+02
4.259930158895202794e+02
3.699722975520390946e+02
2.713061318067389607e+02
4.590830141663918766e+02
4.590373926702299059e+02
4.587865886879188224e+02
4.577533137833464139e+02
4.545253523348073372e+02
4.459627616079504833e+02
4.259930158895202794e+02
3.879917491765542081e+02
3.229278031510593223e+02
2.143573564142307930e+02
4.201381588320497258e+02
4.199935342039204329e+02
4.193341645736954320e+02
4.170219528526196768e+02
4.107226818698410966e+02
3.971625788361546938e+02
3.699722975520392083e+02
3.229278031510593792e+02
2.477822175365990063e+02
1.288901800849393737e+02
3.446127821362598525e+02
3.442348959159663764e+02
3.427721006651089510e+02
3.383291005635491615e+02
3.276804088821313599e+02
3.072724628263424620e+02
2.713061318067389607e+02
2.143573564142307930e+02
1.288901800849393737e+02
0.000000000000000000e+00
4.604165726277135491e+02
4.604142356823212481e+02
4.603939799330024130e+02
4.602596122066754560e+02
4.595729197188704802e+02
4.568771165611956917e+02
4.488319752089221879e+02
4.307816169619518405e+02
3.943725939985544642e+02
3.216836045162613118e+02
4.604142356823213049e+02
4.604118987369291176e+02
4.603916429875937411e+02
4.602572751901899437e+02
4.595705780089393784e+02
4.568746583360838827e+02
4.488278743931069812e+02
4.307633551602120292e+02
3.943048686128340137e+02
3.214841544843081351e+02
4.603939799330024130e+02
4.603916429875936842e+02
4.603713871708810075e+02
4.602370148670880781e+02
4.595502081791477167e+02
4.568527584550504343e+02
4.487918848474258766e+02
4.306396772426508051e+02
3.939366912222736232e+02
3.205858713710853181e+02
4.602596122066754560e+02
4.602572751901898300e+02
4.602370148670880781e+02
4.601025352760602800e+02
4.594142966667500900e+02
4.567041357965800330e+02
4.485621377999624997e+02
4.300327771435004252e+02
3.924371214174061038e+02
3.174767152268555037e+02
4.595729197188704802e+02
4.595705780089394352e+02
4.595502081791477167e+02
4.594142966667500332e+02
4.587139763173817641e+02
4.559314059981745118e+02
4.474641985018393484e+02
4.278378074960264712e+02
3.878064159274238136e+02
3.091436507975192853e+02
4.568771165611956349e+02
4.568746583360839395e+02
4.568527584550504343e+02
4.567041357965799762e+02
4.559314059981745118e+02
4.528457383831407697e+02
4.434009736618518218e+02
4.213948070814054176e+02
3.768269190118194274e+02
2.917415912125715067e+02
4.488319752089221311e+02
4.488278743931069812e+02
4.487918848474258766e+02
4.485621377999625565e+02
4.474641985018393484e+02
4.434009736618518787e+02
4.315547385566854359e+02
4.049781696803250952e+02
3.536038327190211703e+02
2.597519351715359335e+02
4.307816169619518405e+02
4.307633551602120292e+02
4.306396772426509187e+02
4.300327771435004820e+02
4.278378074960264712e+02
4.213948070814054176e+02
4.049781696803250952e+02
3.713075155100057145e+02
3.108830782181099153e+02
2.068601378393292123e+02
3.943725939985545210e+02
3.943048686128340705e+02
3.939366912222736232e+02
3.924371214174061038e+02
3.878064159274238705e+02
3.768269190118194842e+02
3.536038327190212271e+02
3.108830782181099721e+02
2.401560952283820427e+02
1.253558397059517659e+02
3.216836045162613118e+02
3.214841544843081351e+02
3.205858713710853181e+02
3.174767152268555037e+02
3.091436507975192853e+02
2.917415912125715067e+02
2.597519351715359335e+02
2.068601378393292123e+02
1.253558397059517659e+02
0.000000000000000000e+00
4.275299343971433359e+02
4.275289620951043617e+02
4.275188608914752422e+02
4.274408299624206506e+02
4.269859290791727062e+02
4.249804381449189350e+02
4.183570585102501127e+02
4.022230467107199274e+02
3.684570888987005333e+02
2.987275063058003752e+02
4.275289620951043617e+02
4.275279897930655579e+02
4.275178885894363816e+02
4.274398576602713433e+02
4.269849565274298584e+02
4.249794500339973524e+02
4.183557026585008316e+02
4.022169719287320504e+02
3.684295543553461130e+02
2.986334889181860035e+02
4.275188608914752422e+02
4.275178885894363816e+02
4.275077873858072053e+02
4.274297562312787591e+02
4.269748404308904810e+02
4.249689952058849371e+02
4.183407030587371196e+02
4.021636833779841709e+02
3.682445138066764230e+02
2.981265518173954661e+02
4.274408299624206506e+02
4.274398576602712865e+02
4.274297562312788159e+02
4.273517106552730525e+02
4.268964698165858636e+02
4.248865224625091059e+02
4.182235783228649666e+02
4.018412063912477947e+02
3.673455956983628425e+02
2.960869349263987260e+02
4.269859290791726494e+02
4.269849565274299152e+02
4.269748404308904810e+02
4.268964698165858636e+02
4.264372764388334645e+02
4.243961860436126585e+02
4.175584089910727812e+02
4.004508182661172668e+02
3.641224537598631059e+02
2.898585409783053706e+02
4.249804381449189350e+02
4.249794500339974093e+02
4.249689952058848803e+02
4.248865224625090491e+02
4.243961860436126585e+02
4.221915872183185456e+02
4.147234057458305188e+02
3.958202779538394225e+02
3.555197987568389522e+02
2.753873495845556931e+02
4.183570585102500559e+02
4.183557026585009453e+02
4.183407030587371196e+02
4.182235783228650234e+02
4.175584089910728380e+02
4.147234057458305756e+02
4.054676433154863844e+02
3.827236009441552369e+02
3.361721670257446135e+02
2.475334162263207531e+02
4.022230467107199274e+02
4.022169719287320504e+02
4.021636833779842277e+02
4.018412063912477947e+02
4.004508182661172668e+02
3.958202779538394225e+02
3.827236009441552937e+02
3.534321048233233000e+02
2.979750405086442697e+02
1.989060738136899147e+02
3.684570888987005901e+02
3.684295543553461698e+02
3.682445138066764798e+02
3.673455956983628425e+02
3.641224537598630491e+02
3.555197987568390090e+02
3.361721670257447272e+02
2.979750405086443266e+02
2.319134748646604010e+02
1.215755835372170992e+02
2.987275063058003752e+02
2.986334889181860035e+02
2.981265518173954661e+02
2.960869349263987260e+02
2.898585409783053706e+02
2.753873495845556931e+02
2.475334162263207531e+02
1.989060738136899147e+02
1.215755835372170992e+02
0.000000000000000000e+00
3.946431096382819987e+02
3.946427612349376091e+02
3.946382392064692795e+02
3.945963947956554989e+02
3.943124774922364395e+02
3.928847505121042332e+02
3.875920216914528282e+02
3.733978393734452084e+02
3.423902839051376645e+02
2.757571534206524007e+02
3.946427612349376091e+02
3.946424128315932762e+02
3.946378908031249466e+02
3.945960463923111661e+02
3.943121290881536538e+02
3.928844012233165017e+02
3.875916203875877954e+02
3.733962799749569967e+02
3.423810536455072224e+02
2.757189634878087645e+02
3.946382392064692795e+02
3.946378908031248898e+02
3.946333687746566170e+02
3.945915243638427796e+02
3.943076062781748874e+02
3.928798304928238849e+02
3.875859916464216326e+02
3.733771016394316575e+02
3.422998234872717376e+02
2.754621291611358060e+02
3.945963947956555558e+02
3.945960463923111092e+02
3.945915243638428365e+02
3.945496792269514685e+02
3.942657146069158784e+02
3.928369555850840129e+02
3.875312253178354354e+02
3.732266701562248272e+02
3.418125493381224373e+02
2.742257844901970429e+02
3.943124774922363827e+02
3.943121290881537107e+02
3.943076062781748874e+02
3.942657146069158784e+02
3.939807770781129079e+02
3.925410788982009649e+02
3.871549721004076900e+02
3.724249457230852727e+02
3.397258188106608259e+02
2.698434793172845048e+02
3.928847505121042332e+02
3.928844012233165586e+02
3.928798304928238849e+02
3.928369555850839561e+02
3.925410788982009649e+02
3.910247232820912586e+02
3.852714603715880912e+02
3.692844757107462783e+02
3.332694836939862171e+02
2.582310941978288952e+02
3.875920216914527714e+02
3.875916203875877954e+02
3.875859916464216894e+02
3.875312253178354922e+02
3.871549721004076900e+02
3.852714603715881481e+02
3.782798208426601718e+02
3.592174842264373638e+02
3.175986185445306091e+02
2.344056127341668798e+02
3.733978393734452084e+02
3.733962799749569967e+02
3.733771016394317712e+02
3.732266701562248272e+02
3.724249457230852727e+02
3.692844757107462783e+02
3.592174842264374206e+02
3.343042451024493857e+02
2.840700665407914016e+02
1.903455349301986814e+02
3.423902839051377214e+02
3.423810536455072793e+02
3.422998234872717944e+02
3.418125493381224373e+02
3.397258188106607690e+02
3.332694836939862739e+02
3.175986185445306660e+02
2.840700665407914585e+02
2.230068424668034766e+02
1.174752331701117214e+02
2.757571534206524007e+02
2.757189634878087645e+02
2.754621291611358060e+02
2.742257844901970429e+02
2.698434793172845048e+02
2.582310941978288952e+02
2.344056127341668798e+02
1.903455349301986814e+02
1.174752331701117214e+02
0.000000000000000000e+00
3.617562110088119880e+02
3.617561096874305235e+02
3.617543554895530633e+02
3.617340856457958580e+02
3.615694908404788634e+02
3.606066777021296161e+02
3.565337825833917691e+02
3.443007058541978154e+02
3.161136771642565577e+02
2.527802696502637900e+02
3.617561096874305235e+02
3.617560083660491159e+02
3.617542541681715988e+02
3.617339843244144504e+02
3.615693895190973990e+02
3.606065763758084017e+02
3.565336781613278845e+02
3.443004228190898175e+02
3.161113305451792144e+02
2.527676574810933801e+02
3.617543554895530065e+02
3.617542541681715420e+02
3.617524999702941386e+02
3.617322301265369333e+02
3.615676353212199388e+02
3.606048193785281342e+02
3.565317663354197180e+02
3.442951123774187749e+02
3.160816610235830808e+02
2.526548717565135007e+02
3.617340856457958580e+02
3.617339843244143935e+02
3.617322301265369333e+02
3.617119602827797848e+02
3.615473630488828007e+02
3.605843944943770225e+02
3.565083884941410588e+02
3.442360491110708836e+02
3.158492089854926803e+02
2.519779295713547072e+02
3.615694908404788066e+02
3.615693895190974558e+02
3.615676353212199956e+02
3.615473630488828007e+02
3.613826185200987311e+02
3.604167411624163719e+02
3.563107200347414505e+02
3.438286331163313321e+02
3.146247232620260661e+02
2.491101259558792265e+02
3.606066777021296161e+02
3.606065763758084017e+02
3.606048193785280773e+02
3.605843944943769657e+02
3.604167411624164288e+02
3.594213415612599647e+02
3.551281406839345323e+02
3.418478202051329049e+02
3.100854342240160690e+02
2.403108809673519204e+02
3.565337825833917691e+02
3.565336781613278845e+02
3.565317663354196611e+02
3.565083884941411156e+02
3.563107200347413936e+02
3.551281406839345323e+02
3.500548461768489119e+02
3.344615699128367510e+02
2.978515786640521696e+02
2.203226995370157510e+02
3.443007058541978154e+02
3.443004228190898743e+02
3.442951123774188318e+02
3.442360491110708267e+02
3.438286331163313321e+02
3.418478202051329049e+02
3.344615699128367510e+02
3.138646906322337031e+02
2.691004606526135490e+02
1.810600624986589366e+02
3.161136771642566146e+02
3.161113305451792712e+02
3.160816610235831376e+02
3.158492089854926803e+02
3.146247232620260661e+02
3.100854342240160690e+02
2.978515786640521696e+02
2.691004606526136058e+02
2.133854123161504504e+02
1.130276845430966404e+02
2.527802696502637900e+02
2.527676574810933801e+02
2.526548717565135007e+02
2.519779295713547072e+02
2.491101259558792265e+02
2.403108809673519204e+02
2.203226995370157510e+02
1.810600624986589366e+02
1.130276845430966404e+02
0.000000000000000000e+00
3.288692884788090964e+02
3.288692670997847358e+02
3.288687109393400192e+02
3.288601404022464862e+02
3.287733063254917738e+02
3.281662850240673492e+02
3.251791629747212937e+02
3.149286666301370019e+02
2.895953819349060154e+02
2.298009387453735712e+02
3.288692670997847358e+02
3.288692457207604321e+02
3.288686895603156586e+02
3.288601190232221256e+02
3.287732849464673563e+02
3.281662636450429886e+02
3.251791415626520347e+02
3.149286349075008502e+02
2.895950014070248812e+02
2.297979106104730818e+02
3.288687109393399624e+02
3.288686895603156586e+02
3.288681333998708851e+02
3.288595628627773522e+02
3.287727287860226966e+02
3.281657074845982152e+02
3.251785751584986315e+02
3.149275874618339230e+02
2.895867313030495325e+02
2.297573472633370670e+02
3.288601404022464862e+02
3.288601190232221256e+02
3.288595628627773522e+02
3.288509923256838761e+02
3.287641582489291636e+02
3.281571284643626427e+02
3.251694894788407169e+02
3.149098971552671173e+02
2.894936360858332023e+02
2.294339299333001634e+02
3.287733063254917170e+02
3.287732849464674132e+02
3.287727287860226966e+02
3.287641582489291636e+02
3.286773164091171680e+02
3.280698121562772371e+02
3.250733997554239636e+02
3.147330706539285075e+02
2.888541753545997040e+02
2.277259567790879373e+02
3.281662850240673492e+02
3.281662636450430455e+02
3.281657074845982152e+02
3.281571284643625859e+02
3.280698121562772371e+02
3.274538476850408983e+02
3.243785269323076363e+02
3.135888884838156514e+02
2.859516572602975089e+02
2.214755872503850753e+02
3.251791629747212937e+02
3.251791415626520916e+02
3.251785751584985746e+02
3.251694894788406600e+02
3.250733997554239068e+02
3.243785269323075795e+02
3.208704077962394763e+02
3.084863399347196946e+02
2.768186795060162240e+02
2.052427219738775079e+02
3.149286666301370587e+02
3.149286349075009070e+02
3.149275874618340367e+02
3.149098971552670605e+02
3.147330706539285075e+02
3.135888884838156514e+02
3.084863399347197515e+02
2.920632632605567665e+02
2.529782316996248142e+02
1.709882606563807030e+02
2.895953819349060723e+02
2.895950014070249381e+02
2.895867313030495893e+02
2.894936360858332591e+02
2.888541753545997608e+02
2.859516572602975657e+02
2.768186795060161671e+02
2.529782316996248142e+02
2.029949703881266032e+02
1.082035385509999088e+02
2.298009387453735712e+02
2.297979106104730818e+02
2.297573472633370670e+02
2.294339299333001634e+02
2.277259567790879373e+02
2.214755872503850753e+02
2.052427219738775079e+02
1.709882606563807030e+02
1.082035385509999088e+02
0.000000000000000000e+00
2.959823602956083732e+02
2.959823578253657956e+02
2.959822288631663696e+02
2.959792421207773145e+02
2.959389020932001699e+02
2.955875360393436040e+02
2.935259417486460620e+02
2.852729482127576830e+02
2.628181575937222760e+02
2.068209368295337640e+02
2.959823578253657956e+02
2.959823553551232749e+02
2.959822263929238488e+02
2.959792396505347369e+02
2.959388996229575923e+02
2.955875335691010264e+02
2.935259392784035413e+02
2.852729455214583254e+02
2.628181336562489605e+02
2.068205366629497064e+02
2.959822288631663696e+02
2.959822263929238488e+02
2.959820974307244228e+02
2.959791106883353109e+02
2.959387706607581663e+02
2.955874046069016003e+02
2.935258103162041152e+02
2.852727788159670581e+02
2.628166474700105368e+02
2.068098442388750868e+02
2.959792421207773145e+02
2.959792396505347938e+02
2.959791106883353109e+02
2.959761239459462558e+02
2.959357839183690544e+02
2.955844178645125453e+02
2.935227927909175492e+02
2.852680887333976330e+02
2.627879599399877861e+02
2.066821643953898615e+02
2.959389020932001131e+02
2.959388996229575923e+02
2.959387706607582231e+02
2.959357839183690544e+02
2.958954438907919666e+02
2.955440518711084223e+02
2.934808543711852167e+02
2.851996616692125599e+02
2.625045079991158445e+02
2.057878921239943111e+02
2.955875360393436040e+02
2.955875335691010264e+02
2.955874046069016003e+02
2.955844178645124884e+02
2.955440518711084223e+02
2.951911800495848865e+02
2.931031546929445426e+02
2.846097844020792991e+02
2.608320346418952340e+02
2.017068162089001930e+02
2.935259417486460620e+02
2.935259392784035413e+02
2.935258103162040584e+02
2.935227927909174923e+02
2.934808543711852167e+02
2.931031546929444858e+02
2.908158749886275132e+02
2.813420936788880908e+02
2.544501620766602343e+02
1.891298507868779950e+02
2.852729482127577398e+02
2.852729455214583822e+02
2.852727788159671150e+02
2.852680887333975761e+02
2.851996616692125599e+02
2.846097844020792991e+02
2.813420936788881477e+02
2.688956519331302957e+02
2.355077964837170157e+02
1.600635327284492746e+02
2.628181575937223329e+02
2.628181336562489605e+02
2.628166474700105937e+02
2.627879599399877861e+02
2.625045079991159014e+02
2.608320346418952909e+02
2.544501620766602059e+02
2.355077964837170157e+02
1.916404353540693535e+02
1.029709067115855134e+02
2.068209368295337640e+02
2.068205366629497064e+02
2.068098442388750868e+02
2.066821643953898615e+02
2.057878921239943111e+02
2.017068162089001930e+02
1.891298507868779950e+02
1.600635327284492746e+02
1.029709067115855134e+02
0.000000000000000000e+00
2.630954313738740780e+02
2.630954313738740780e+02
2.630954148489696536e+02
2.630946461649029970e+02
2.630790395848416665e+02
2.628979764348941330e+02
2.615776570488549169e+02
2.552985140702288049e+02
2.357631505499901436e+02
1.838408327373633426e+02
2.630954313738740780e+02
2.630954313738740780e+02
2.630954148489696536e+02
2.630946461649029970e+02
2.630790395848416665e+02
2.628979764348941330e+02
2.615776570488549169e+02
2.552985140702288049e+02
2.357631505499901436e+02
1.838408327373633426e+02
2.630954148489696536e+02
2.630954148489696536e+02
2.630953983240652860e+02
2.630946296399985727e+02
2.630790230599372421e+02
2.628979599099897086e+02
2.615776405239505493e+02
2.552984975453243806e+02
2.357630447841384296e+02
1.838392655124099520e+02
2.630946461649029970e+02
2.630946461649029970e+02
2.630946296399985727e+02
2.630938609559318593e+02
2.630782543758705287e+02
2.628971912259229953e+02
2.615768718398838359e+02
2.552976187134023007e+02
2.357572799219185526e+02
1.838019600715800834e+02
2.630790395848416665e+02
2.630790395848416665e+02
2.630790230599372990e+02
2.630782543758705287e+02
2.630626477958092551e+02
2.628815846458617216e+02
2.615611694827808833e+02
2.552766135444229292e+02
2.356597328865938152e+02
1.834107094873182859e+02
2.628979764348941330e+02
2.628979764348941330e+02
2.628979599099897086e+02
2.628971912259229953e+02
2.628815846458617216e+02
2.627004435722753897e+02
2.613752614918677750e+02
2.550157397360710263e+02
2.348292413915792736e+02
1.810494089998680920e+02
2.615776570488549169e+02
2.615776570488549169e+02
2.615776405239504925e+02
2.615768718398837791e+02
2.615611694827808833e+02
2.613752614918677182e+02
2.599813119779245199e+02
2.531165709511562341e+02
2.307395897743702449e+02
1.719527261195814845e+02
2.552985140702288334e+02
2.552985140702288334e+02
2.552984975453244090e+02
2.552976187134023007e+02
2.552766135444229292e+02
2.550157397360710263e+02
2.531165709511562341e+02
2.442828360769261167e+02
2.166076329780191827e+02
1.482320694072860761e+02
2.357631505499901721e+02
2.357631505499901721e+02
2.357630447841384580e+02
2.357572799219185811e+02
2.356597328865938721e+02
2.348292413915793020e+02
2.307395897743702449e+02
2.166076329780191543e+02
1.790194258882596898e+02
9.719064181423624404e+01
1.838408327373633426e+02
1.838408327373633426e+02
1.838392655124099520e+02
1.838019600715800834e+02
1.834107094873182859e+02
1.810494089998680920e+02
1.719527261195814845e+02
1.482320694072860761e+02
9.719064181423624404e+01
0.000000000000000000e+00
2.302085024521398111e+02
2.302085024521398111e+02
2.302085024521398111e+02
2.302083919073401148e+02
2.302038786820990879e+02
2.301251554852833010e+02
2.293618201818591729e+02
2.248724909290782250e+02
2.084100455296658367e+02
1.608607286451929212e+02
2.302085024521398111e+02
2.302085024521398111e+02
2.302085024521398111e+02
2.302083919073401148e+02
2.302038786820990879e+02
2.301251554852833010e+02
2.293618201818591729e+02
2.248724909290782250e+02
2.084100455296658367e+02
1.608607286451929212e+02
2.302085024521398111e+02
2.302085024521398111e+02
2.302085024521398111e+02
2.302083919073401148e+02
2.302038786820990879e+02
2.301251554852833010e+02
2.293618201818591729e+02
2.248724909290782250e+02
2.084100455296658367e+02
1.608607286451929212e+02
2.302083919073401148e+02
2.302083919073401148e+02
2.302083919073401148e+02
2.302082813625404185e+02
2.302037681372993916e+02
2.301250449404836047e+02
2.293617096370595050e+02
2.248723803842785287e+02
2.084095782115315103e+02
1.608545907162593380e+02
2.302038786820991163e+02
2.302038786820991163e+02
2.302038786820991163e+02
2.302037681372994200e+02
2.301992549120583647e+02
2.301205317152426346e+02
2.293571964118184496e+02
2.248674870886173949e+02
2.083874120648081885e+02
1.607263873667595249e+02
2.301251554852833010e+02
2.301251554852833010e+02
2.301251554852833010e+02
2.301250449404836047e+02
2.301205317152426346e+02
2.300418085184268762e+02
2.292782125764890395e+02
2.247720848520956451e+02
2.080641191559110439e+02
1.595679775815697496e+02
2.293618201818591160e+02
2.293618201818591160e+02
2.293618201818591160e+02
2.293617096370594197e+02
2.293571964118184496e+02
2.292782125764890111e+02
2.285003686107384624e+02
2.237976366722116666e+02
2.057513413777455185e+02
1.536985289442833675e+02
2.248724909290781966e+02
2.248724909290781966e+02
2.248724909290781966e+02
2.248723803842785287e+02
2.248674870886173949e+02
2.247720848520956451e+02
2.237976366722116666e+02
2.179755183704490378e+02
1.959680747626642585e+02
1.351898389569554411e+02
2.084100455296658652e+02
2.084100455296658652e+02
2.084100455296658652e+02
2.084095782115315387e+02
2.083874120648082453e+02
2.080641191559111007e+02
2.057513413777455185e+02
1.959680747626642301e+02
1.650056114893039876e+02
9.069993450885188224e+01
1.608607286451929212e+02
1.608607286451929212e+02
1.608607286451929212e+02
1.608545907162593380e+02
1.607263873667595249e+02
1.595679775815697496e+02
1.536985289442833675e+02
1.351898389569554411e+02
9.069993450885188224e+01
0.000000000000000000e+00
1.973215735304055443e+02
1.973215735304055443e+02
1.973215735304055443e+02
1.973215735304055443e+02
1.973208340312570783e+02
1.972948498599064919e+02
1.969160633448055364e+02
1.939648039292268322e+02
1.807244912247326170e+02
1.378806245530224999e+02
1.973215735304055443e+02
1.973215735304055443e+02
1.973215735304055443e+02
1.973215735304055443e+02
1.973208340312570783e+02
1.972948498599064919e+02
1.969160633448055364e+02
1.939648039292268322e+02
1.807244912247326170e+02
1.378806245530224999e+02
1.973215735304055443e+02
1.973215735304055443e+02
1.973215735304055443e+02
1.973215735304055443e+02
1.973208340312570783e+02
1.972948498599064919e+02
1.969160633448055364e+02
1.939648039292268322e+02
1.807244912247326170e+02
1.378806245530224999e+02
1.973215735304055443e+02
1.973215735304055443e+02
1.973215735304055443e+02
1.973215735304055443e+02
1.973208340312570783e+02
1.972948498599064919e+02
1.969160633448055364e+02
1.939648039292268322e+02
1.807244912247326170e+02
1.378806245530224999e+02
1.973208340312571067e+02
1.973208340312571067e+02
1.973208340312571067e+02
1.973208340312571067e+02
1.973200945321086124e+02
1.972941103607580544e+02
1.969153238456570989e+02
1.939640644300783947e+02
1.807223110393875061e+02
1.378565857757477318e+02
1.972948498599064919e+02
1.972948498599064919e+02
1.972948498599064919e+02
1.972948498599064919e+02
1.972941103607580544e+02
1.972681261894074964e+02
1.968893396743064841e+02
1.939369784304616928e+02
1.806367117880188289e+02
1.374245936026723029e+02
1.969160633448054796e+02
1.969160633448054796e+02
1.969160633448054796e+02
1.969160633448054796e+02
1.969153238456570421e+02
1.968893396743064841e+02
1.965099114232384920e+02
1.935113982145271052e+02
1.795978416100669506e+02
1.341476367232548057e+02
1.939648039292268606e+02
1.939648039292268606e+02
1.939648039292268606e+02
1.939648039292268606e+02
1.939640644300783947e+02
1.939369784304616644e+02
1.935113982145271336e+02
1.900274075000335472e+02
1.735080788957128561e+02
1.207173638591767286e+02
1.807244912247326170e+02
1.807244912247326170e+02
1.807244912247326170e+02
1.807244912247326170e+02
1.807223110393875345e+02
1.806367117880188857e+02
1.795978416100669790e+02
1.735080788957128277e+02
1.494637982984619100e+02
8.341146554205943175e+01
1.378806245530224999e+02
1.378806245530224999e+02
1.378806245530224999e+02
1.378806245530224999e+02
1.378565857757477318e+02
1.374245936026723029e+02
1.341476367232548057e+02
1.207173638591767286e+02
8.341146554205943175e+01
0.000000000000000000e+00
1.644346446086712774e+02
1.644346446086712774e+02
1.644346446086712774e+02
1.644346446086712774e+02
1.644346446086712774e+02
1.644296976641558103e+02
1.642840203426952428e+02
1.625789385927172077e+02
1.525374418772493641e+02
1.149005204608520785e+02
1.644346446086712774e+02
1.644346446086712774e+02
1.644346446086712774e+02
1.644346446086712774e+02
1.644346446086712774e+02
1.644296976641558103e+02
1.642840203426952428e+02
1.625789385927172077e+02
1.525374418772493641e+02
1.149005204608520785e+02
1.644346446086712774e+02
1.644346446086712774e+02
1.644346446086712774e+02
1.644346446086712774e+02
1.644346446086712774e+02
1.644296976641558103e+02
1.642840203426952428e+02
1.625789385927172077e+02
1.525374418772493641e+02
1.149005204608520785e+02
1.644346446086712774e+02
1.644346446086712774e+02
1.644346446086712774e+02
1.644346446086712774e+02
1.644346446086712774e+02
1.644296976641558103e+02
1.642840203426952428e+02
1.625789385927172077e+02
1.525374418772493641e+02
1.149005204608520785e+02
1.644346446086712774e+02
1.644346446086712774e+02
1.644346446086712774e+02
1.644346446086712774e+02
1.644346446086712774e+02
1.644296976641558103e+02
1.642840203426952428e+02
1.625789385927172077e+02
1.525374418772493641e+02
1.149005204608520785e+02
1.644296976641558103e+02
1.644296976641558103e+02
1.644296976641558103e+02
1.644296976641558103e+02
1.644296976641558103e+02
1.644247507196403433e+02
1.642790733981797473e+02
1.625739916482017406e+02
1.525272706303192365e+02
1.148063742400146054e+02
1.642840203426952144e+02
1.642840203426952144e+02
1.642840203426952144e+02
1.642840203426952144e+02
1.642840203426952144e+02
1.642790733981797473e+02
1.641333960767191797e+02
1.624261678521785939e+02
1.522029365253139588e+02
1.133890775417267349e+02
1.625789385927172077e+02
1.625789385927172077e+02
1.625789385927172077e+02
1.625789385927172077e+02
1.625789385927172077e+02
1.625739916482017122e+02
1.624261678521785939e+02
1.605967783944095686e+02
1.490361677737909076e+02
1.046885494172291544e+02
1.525374418772493641e+02
1.525374418772493641e+02
1.525374418772493641e+02
1.525374418772493641e+02
1.525374418772493641e+02
1.525272706303192649e+02
1.522029365253139872e+02
1.490361677737908792e+02
1.318821610183258599e+02
7.520002095383149765e+01
1.149005204608520785e+02
1.149005204608520785e+02
1.149005204608520785e+02
1.149005204608520785e+02
1.149005204608520785e+02
1.148063742400146054e+02
1.133890775417267349e+02
1.046885494172291544e+02
7.520002095383149765e+01
0.000000000000000000e+00
1.315477156869370106e+02
1.315477156869370106e+02
1.315477156869370106e+02
1.315477156869370106e+02
1.315477156869370106e+02
1.315477156869370106e+02
1.315146226670325120e+02
1.307283870718123637e+02
1.237954494075784737e+02
9.192041636868165710e+01
1.315477156869370106e+02
1.315477156869370106e+02
1.315477156869370106e+02
1.315477156869370106e+02
1.315477156869370106e+02
1.315477156869370106e+02
1.315146226670325120e+02
1.307283870718123637e+02
1.237954494075784737e+02
9.192041636868165710e+01
1.315477156869370106e+02
1.315477156869370106e+02
1.315477156869370106e+02
1.315477156869370106e+02
1.315477156869370106e+02
1.315477156869370106e+02
1.315146226670325120e+02
1.307283870718123637e+02
1.237954494075784737e+02
9.192041636868165710e+01
1.315477156869370106e+02
1.315477156869370106e+02
1.315477156869370106e+02
1.315477156869370106e+02
1.315477156869370106e+02
1.315477156869370106e+02
1.315146226670325120e+02
1.307283870718123637e+02
1.237954494075784737e+02
9.192041636868165710e+01
1.315477156869370106e+02
1.315477156869370106e+02
1.315477156869370106e+02
1.315477156869370106e+02
1.315477156869370106e+02
1.315477156869370106e+02
1.315146226670325120e+02
1.307283870718123637e+02
1.237954494075784737e+02
9.192041636868165710e+01
1.315477156869370106e+02
1.315477156869370106e+02
1.315477156869370106e+02
1.315477156869370106e+02
1.315477156869370106e+02
1.315477156869370106e+02
1.315146226670325120e+02
1.307283870718123637e+02
1.237954494075784737e+02
9.192041636868165710e+01
1.315146226670325120e+02
1.315146226670325120e+02
1.315146226670325120e+02
1.315146226670325120e+02
1.315146226670325120e+02
1.315146226670325120e+02
1.314815296471280135e+02
1.306952940519078652e+02
1.237479973575290870e+02
9.155169915829014826e+01
1.307283870718123637e+02
1.307283870718123637e+02
1.307283870718123637e+02
1.307283870718123637e+02
1.307283870718123637e+02
1.307283870718123637e+02
1.306952940519078652e+02
1.299090584566876885e+02
1.225531576117934947e+02
8.707629237277058110e+01
1.237954494075784737e+02
1.237954494075784737e+02
1.237954494075784737e+02
1.237954494075784737e+02
1.237954494075784737e+02
1.237954494075784737e+02
1.237479973575291012e+02
1.225531576117934804e+02
1.118012991817827952e+02
6.554127129344227853e+01
9.192041636868165710e+01
9.192041636868165710e+01
9.192041636868165710e+01
9.192041636868165710e+01
9.192041636868165710e+01
9.192041636868165710e+01
9.155169915829014826e+01
8.707629237277058110e+01
6.554127129344227853e+01
0.000000000000000000e+00
9.866078676520275792e+01
9.866078676520275792e+01
9.866078676520275792e+01
9.866078676520275792e+01
9.866078676520275792e+01
9.866078676520275792e+01
9.866078676520275792e+01
9.843940810146935405e+01
9.443936937425519318e+01
6.894031227651124993e+01
9.866078676520275792e+01
9.866078676520275792e+01
9.866078676520275792e+01
9.866078676520275792e+01
9.866078676520275792e+01
9.866078676520275792e+01
9.866078676520275792e+01
9.843940810146935405e+01
9.443936937425519318e+01
6.894031227651124993e+01
9.866078676520275792e+01
9.866078676520275792e+01
9.866078676520275792e+01
9.866078676520275792e+01
9.866078676520275792e+01
9.866078676520275792e+01
9.866078676520275792e+01
9.843940810146935405e+01
9.443936937425519318e+01
6.894031227651124993e+01
9.866078676520275792e+01
9.866078676520275792e+01
9.866078676520275792e+01
9.866078676520275792e+01
9.866078676520275792e+01
9.866078676520275792e+01
9.866078676520275792e+01
9.843940810146935405e+01
9.443936937425519318e+01
6.894031227651124993e+01
9.866078676520275792e+01
9.866078676520275792e+01
9.866078676520275792e+01
9.866078676520275792e+01
9.866078676520275792e+01
9.866078676520275792e+01
9.866078676520275792e+01
9.843940810146935405e+01
9.443936937425519318e+01
6.894031227651124993e+01
9.866078676520275792e+01
9.866078676520275792e+01
9.866078676520275792e+01
9.866078676520275792e+01
9.866078676520275792e+01
9.866078676520275792e+01
9.866078676520275792e+01
9.843940810146935405e+01
9.443936937425519318e+01
6.894031227651124993e+01
9.866078676520275792e+01
9.866078676520275792e+01
9.866078676520275792e+01
9.866078676520275792e+01
9.866078676520275792e+01
9.866078676520275792e+01
9.866078676520275792e+01
9.843940810146935405e+01
9.443936937425519318e+01
6.894031227651124993e+01
9.843940810146935405e+01
9.843940810146935405e+01
9.843940810146935405e+01
9.843940810146935405e+01
9.843940810146935405e+01
9.843940810146935405e+01
9.843940810146935405e+01
9.821802943773593597e+01
9.421799071052177510e+01
6.749625663593894842e+01
9.443936937425520739e+01
9.443936937425520739e+01
9.443936937425520739e+01
9.443936937425520739e+01
9.443936937425520739e+01
9.443936937425520739e+01
9.443936937425520739e+01
9.421799071052178931e+01
8.896985931928752223e+01
5.418012235068341909e+01
6.894031227651124993e+01
6.894031227651124993e+01
6.894031227651124993e+01
6.894031227651124993e+01
6.894031227651124993e+01
6.894031227651124993e+01
6.894031227651124993e+01
6.749625663593894842e+01
5.418012235068341909e+01
0.000000000000000000e+00
6.577385784346850528e+01
6.577385784346850528e+01
6.577385784346850528e+01
6.577385784346850528e+01
6.577385784346850528e+01
6.577385784346850528e+01
6.577385784346850528e+01
6.577385784346850528e+01
6.429292582524151101e+01
4.596020818434082855e+01
6.577385784346850528e+01
6.577385784346850528e+01
6.577385784346850528e+01
6.577385784346850528e+01
6.577385784346850528e+01
6.577385784346850528e+01
6.577385784346850528e+01
6.577385784346850528e+01
6.429292582524151101e+01
4.596020818434082855e+01
6.577385784346850528e+01
6.577385784346850528e+01
6.577385784346850528e+01
6.577385784346850528e+01
6.577385784346850528e+01
6.577385784346850528e+01
6.577385784346850528e+01
6.577385784346850528e+01
6.429292582524151101e+01
4.596020818434082855e+01
6.577385784346850528e+01
6.577385784346850528e+01
6.577385784346850528e+01
6.577385784346850528e+01
6.577385784346850528e+01
6.577385784346850528e+01
6.577385784346850528e+01
6.577385784346850528e+01
6.429292582524151101e+01
4.596020818434082855e+01
6.577385784346850528e+01
6.577385784346850528e+01
6.577385784346850528e+01
6.577385784346850528e+01
6.577385784346850528e+01
6.577385784346850528e+01
6.577385784346850528e+01
6.577385784346850528e+01
6.429292582524151101e+01
4.596020818434082855e+01
6.577385784346850528e+01
6.577385784346850528e+01
6.577385784346850528e+01
6.577385784346850528e+01
6.577385784346850528e+01
6.577385784346850528e+01
6.577385784346850528e+01
6.577385784346850528e+01
6.429292582524151101e+01
4.596020818434082855e+01
6.577385784346850528e+01
6.577385784346850528e+01
6.577385784346850528e+01
6.577385784346850528e+01
6.577385784346850528e+01
6.577385784346850528e+01
6.577385784346850528e+01
6.577385784346850528e+01
6.429292582524151101e+01
4.596020818434082855e+01
6.577385784346850528e+01
6.577385784346850528e+01
6.577385784346850528e+01
6.577385784346850528e+01
6.577385784346850528e+01
6.577385784346850528e+01
6.577385784346850528e+01
6.577385784346850528e+01
6.429292582524151101e+01
4.596020818434082855e+01
6.429292582524152522e+01
6.429292582524152522e+01
6.429292582524152522e+01
6.429292582524152522e+01
6.429292582524152522e+01
6.429292582524152522e+01
6.429292582524152522e+01
6.429292582524152522e+01
6.281199380701452384e+01
4.030466340829314476e+01
4.596020818434082855e+01
4.596020818434082855e+01
4.596020818434082855e+01
4.596020818434082855e+01
4.596020818434082855e+01
4.596020818434082855e+01
4.596020818434082855e+01
4.596020818434082855e+01
4.030466340829314476e+01
0.000000000000000000e+00
3.288692892173425264e+01
3.288692892173425264e+01
3.288692892173425264e+01
3.288692892173425264e+01
3.288692892173425264e+01
3.288692892173425264e+01
3.288692892173425264e+01
3.288692892173425264e+01
3.288692892173425264e+01
2.298010409217041428e+01
3.288692892173425264e+01
3.288692892173425264e+01
3.288692892173425264e+01
3.288692892173425264e+01
3.288692892173425264e+01
3.288692892173425264e+01
3.288692892173425264e+01
3.288692892173425264e+01
3.288692892173425264e+01
2.298010409217041428e+01
3.288692892173425264e+01
3.288692892173425264e+01
3.288692892173425264e+01
3.288692892173425264e+01
3.288692892173425264e+01
3.288692892173425264e+01
3.288692892173425264e+01
3.288692892173425264e+01
3.288692892173425264e+01
2.298010409217041428e+01
3.288692892173425264e+01
3.288692892173425264e+01
3.288692892173425264e+01
3.288692892173425264e+01
3.288692892173425264e+01
3.288692892173425264e+01
3.288692892173425264e+01
3.288692892173425264e+01
3.288692892173425264e+01
2.298010409217041428e+01
3.288692892173425264e+01
3.288692892173425264e+01
3.288692892173425264e+01
3.288692892173425264e+01
3.288692892173425264e+01
3.288692892173425264e+01
3.288692892173425264e+01
3.288692892173425264e+01
3.288692892173425264e+01
2.298010409217041428e+01
3.288692892173425264e+01
3.288692892173425264e+01
3.288692892173425264e+01
3.288692892173425264e+01
3.288692892173425264e+01
3.288692892173425264e+01
3.288692892173425264e+01
3.288692892173425264e+01
3.288692892173425264e+01
2.298010409217041428e+01
3.288692892173425264e+01
3.288692892173425264e+01
3.288692892173425264e+01
3.288692892173425264e+01
3.288692892173425264e+01
3.288692892173425264e+01
3.288692892173425264e+01
3.288692892173425264e+01
3.288692892173425264e+01
2.298010409217041428e+01
3.288692892173425264e+01
3.288692892173425264e+01
3.288692892173425264e+01
3.288692892173425264e+01
3.288692892173425264e+01
3.288692892173425264e+01
3.288692892173425264e+01
3.288692892173425264e+01
3.288692892173425264e+01
2.298010409217041428e+01
3.288692892173425264e+01
3.288692892173425264e+01
3.288692892173425264e+01
3.288692892173425264e+01
3.288692892173425264e+01
3.288692892173425264e+01
3.288692892173425264e+01
3.288692892173425264e+01
3.288692892173425264e+01
2.298010409217041428e+01
2.298010409217041428e+01
2.298010409217041428e+01
2.298010409217041428e+01
2.298010409217041428e+01
2.298010409217041428e+01
2.298010409217041428e+01
2.298010409217041428e+01
2.298010409217041428e+01
2.298010409217041428e+01
0.000000000000000000e+00
0.000000000000000000e+00
0.000000000000000000e+00
0.000000000000000000e+00
0.000000000000000000e+00
0.000000000000000000e+00
0.000000000000000000e+00
0.000000000000000000e+00
0.000000000000000000e+00
0.000000000000000000e+00
0.000000000000000000e+00
0.000000000000000000e+00
0.000000000000000000e+00
0.000000000000000000e+00
0.000000000000000000e+00
0.000000000000000000e+00
0.000000000000000000e+00
0.000000000000000000e+00
0.000000000000000000e+00
0.000000000000000000e+00
0.000000000000000000e+00
0.000000000000000000e+00
0.000000000000000000e+00
0.000000000000000000e+00
0.000000000000000000e+00
0.000000000000000000e+00
0.000000000000000000e+00
0.000000000000000000e+00
0.000000000000000000e+00
0.000000000000000000e+00
0.000000000000000000e+00
0.000000000000000000e+00
0.000000000000000000e+00
0.000000000000000000e+00
0.000000000000000000e+00
0.000000000000000000e+00
0.000000000000000000e+00
0.000000000000000000e+00
0.000000000000000000e+00
0.000000000000000000e+00
0.000000000000000000e+00
0.000000000000000000e+00
0.000000000000000000e+00
0.000000000000000000e+00
0.000000000000000000e+00
0.000000000000000000e+00
0.000000000000000000e+00
0.000000000000000000e+00
0.000000000000000000e+00
0.000000000000000000e+00
0.000000000000000000e+00
0.000000000000000000e+00
0.000000000000000000e+00
0.000000000000000000e+00
0.000000000000000000e+00
0.000000000000000000e+00
0.000000000000000000e+00
0.000000000000000000e+00
0.000000000000000000e+00
0.000000000000000000e+00
0.000000000000000000e+00
0.000000000000000000e+00
0.000000000000000000e+00
0.000000000000000000e+00
0.000000000000000000e+00
0.000000000000000000e+00
0.000000000000000000e+00
0.000000000000000000e+00
0.000000000000000000e+00
0.000000000000000000e+00
0.000000000000000000e+00
0.000000000000000000e+00
0.000000000000000000e+00
0.000000000000000000e+00
0.000000000000000000e+00
0.000000000000000000e+00
0.000000000000000000e+00
0.000000000000000000e+00
0.000000000000000000e+00
0.000000000000000000e+00
0.000000000000000000e+00
0.000000000000000000e+00
0.000000000000000000e+00
0.000000000000000000e+00
0.000000000000000000e+00
0.000000000000000000e+00
0.000000000000000000e+00
0.000000000000000000e+00
0.000000000000000000e+00
0.000000000000000000e+00
0.000000000000000000e+00
0.000000000000000000e+00
0.000000000000000000e+00
0.000000000000000000e+00
0.000000000000000000e+00
0.000000000000000000e+00
0.000000000000000000e+00
0.000000000000000000e+00
0.000000000000000000e+00
0.000000000000000000e+00
0.000000000000000000e+00
